0.046439909297052155
0.5572789115646258
0.9868480725623583
1.5441269841269842
2.0085260770975055
2.5309750566893423
3.1114739229024946
4.191201814058957
4.748480725623583
5.224489795918368
5.712108843537415
6.315827664399093
6.780226757369615
7.337505668934241
8.440453514739229
8.904852607709751
9.450521541950113
9.93814058956916
10.448979591836736
11.017868480725625
11.517097505668934
12.561995464852608
13.003174603174603
13.56045351473923
14.048072562358277
14.605351473922903
15.081360544217688
15.650249433106577
16.753197278911564
17.31047619047619
17.77487528344671
18.3437641723356
18.83138321995465
19.319002267573698
19.91111111111111
20.97922902494331
21.478458049886623
21.942857142857143
22.46530612244898
22.952925170068028
23.521814058956917
23.939773242630388
