0.9636281179138322
1.4280272108843537
1.6950566893424037
1.9736961451247166
2.449705215419501
3.1114739229024946
3.4946031746031747
3.7035827664399092
4.284081632653061
4.539501133786848
5.085170068027211
5.282539682539682
5.491519274376417
5.851428571428571
6.106848072562358
6.594467120181406
6.8382766439909295
7.174965986394558
7.592925170068027
7.8251247165532885
8.092154195011338
8.579773242630386
9.067392290249433
9.531791383219955
9.775600907029478
10.031020408163265
10.495419501133787
10.727619047619047
11.017868480725625
11.517097505668934
12.039546485260772
13.084444444444445
13.293424036281179
13.572063492063492
13.827482993197279
14.05968253968254
