0.10448979591836735
0.6617687074829932
1.1609977324263039
1.6253968253968254
2.1130158730158732
5.340589569160998
5.758548752834467
6.199727891156463
6.640907029478458
7.058866213151927
9.659501133786849
10.309659863945578
10.727619047619047
11.215238095238096
11.714467120181407
12.770975056689343
13.885532879818594
14.303492063492063
14.872380952380952
15.336780045351475
15.824399092970522
18.44825396825397
18.982312925170067
19.44671201814059
19.922721088435374
20.410340136054423
21.559727891156463
21.908027210884356
22.76716553287982
23.23156462585034
23.719183673469388
24.18358276643991
24.71764172335601
27.062857142857144
27.608526077097505
28.0497052154195
28.583764172335602
29.129433106575963
29.60544217687075
30.10467120181406
31.21922902494331
31.71845804988662
32.25251700680272
32.833015873015874
33.378684807256235
34.748662131519275
38.62639455782313
