0.058049886621315196
0.46439909297052157
0.7778684807256236
1.1609977324263039
1.811156462585034
2.159455782312925
2.507755102040816
5.2477097505668935
5.897868480725624
6.2345578231292516
6.594467120181406
7.233015873015873
7.569705215419502
7.929614512471655
9.972970521541951
11.029478458049887
11.366167800453516
12.782585034013605
14.280272108843537
14.628571428571428
15.441269841269841
16.834467120181408
17.856145124716555
18.216054421768707
18.901043083900227
19.353832199546485
20.06204081632653
