1.6370068027210884
2.2291156462585033
2.75156462585034
3.3436734693877552
3.842902494331066
4.3769614512471655
4.96907029478458
6.0836281179138325
6.617687074829932
7.1053061224489795
7.650975056689343
8.243083900226758
8.70748299319728
9.287981859410431
10.367709750566894
10.85532879818594
11.49387755102041
12.004716553287983
12.515555555555556
13.10766439909297
13.583673469387755
14.698231292517008
15.209070294784581
15.81278911564626
16.288798185941044
16.89251700680272
17.333696145124716
17.925804988662133
19.051972789115645
19.574421768707484
20.09687074829932
20.654149659863947
21.153378684807258
21.687437641723356
22.337596371882086
23.336054421768708
23.92816326530612
24.380952380952383
24.99628117913832
25.472290249433108
26.076009070294784
26.540408163265308
