0.40634920634920635
1.0216780045351475
1.486077097505669
2.124625850340136
2.63546485260771
3.1811337868480725
3.8080725623582765
5.015510204081632
5.607619047619048
6.141678004535147
16.114648526077097
16.72997732426304
17.41496598639456
17.949024943310658
18.622403628117915
19.17968253968254
23.45215419501134
23.45215419501134
23.475374149659864
24.03265306122449
24.63637188208617
32.229297052154195
32.229297052154195
32.229297052154195
32.229297052154195
32.229297052154195
32.229297052154195
32.229297052154195
32.229297052154195
