0.18575963718820862
0.5456689342403628
0.8126984126984127
1.172607709750567
1.5441269841269842
1.9272562358276644
2.182675736961451
2.5193650793650795
2.8792743764172335
3.2275736961451247
3.564263038548753
3.9357823129251703
4.307301587301588
5.723718820861678
6.060408163265306
6.397097505668935
6.780226757369615
6.942766439909297
7.163356009070295
7.500045351473923
7.801904761904762
8.231473922902495
8.55655328798186
8.93968253968254
9.299591836734693
9.647891156462585
10.019410430839002
11.377777777777778
11.714467120181407
12.051156462585034
12.852244897959183
13.235374149659863
13.595283446712019
14.32671201814059
14.70984126984127
15.069750566893424
15.464489795918368
15.824399092970522
17.22920634920635
17.635555555555555
17.96063492063492
18.75011337868481
19.121632653061226
19.43510204081633
20.166530612244898
20.538049886621316
20.874739229024943
21.188208616780045
21.594557823129254
