0.905578231292517
1.5673469387755103
1.9504761904761905
2.2987755102040817
2.995374149659864
3.7964625850340137
4.423401360544218
4.748480725623583
5.154829931972789
5.804988662131519
6.606077097505669
6.896326530612245
7.233015873015873
7.627755102040816
7.9760544217687075
8.67265306122449
9.020952380952382
9.450521541950113
10.077460317460318
10.448979591836736
10.878548752834467
11.551927437641723
12.49233560090703
13.154104308390023
13.479183673469388
13.885532879818594
14.55891156462585
14.872380952380952
15.255510204081633
15.952108843537415
16.671927437641724
18.204444444444444
18.84299319727891
19.21451247165533
19.4118820861678
19.60925170068027
