0.9752380952380952
1.3119274376417234
1.6834467120181407
2.089795918367347
2.5193650793650795
2.8792743764172335
3.274013605442177
3.6687528344671203
4.249251700680272
4.5859410430839
4.957460317460318
5.363809523809524
5.758548752834467
7.430385487528345
7.801904761904762
8.185034013605442
8.579773242630386
9.020952380952382
9.369251700680273
9.775600907029478
10.158730158730158
10.692789115646258
11.04108843537415
11.447437641723356
11.818956916099774
12.248526077097505
13.94358276643991
14.32671201814059
14.721451247165533
15.069750566893424
15.487709750566895
15.85922902494331
16.137868480725626
17.136326530612244
17.554285714285715
17.937414965986395
18.355374149659863
18.819773242630387
20.468390022675738
20.82829931972789
21.223038548752836
21.582947845804988
22.024126984126983
22.407256235827663
22.836825396825397
23.695963718820863
24.102312925170068
24.485442176870748
24.90340136054422
25.309750566893424
