32.96072562358277
32.96072562358277
32.96072562358277
32.96072562358277
32.96072562358277
32.96072562358277
32.96072562358277
32.96072562358277
32.96072562358277
32.96072562358277
32.96072562358277
32.96072562358277
32.96072562358277
32.96072562358277
32.96072562358277
32.96072562358277
32.96072562358277
32.96072562358277
32.96072562358277
32.96072562358277
32.96072562358277
32.96072562358277
32.96072562358277
32.96072562358277
32.96072562358277
32.96072562358277
32.96072562358277
32.96072562358277
32.96072562358277
32.96072562358277
32.96072562358277
32.96072562358277
32.96072562358277
32.96072562358277
32.96072562358277
32.96072562358277
32.96072562358277
32.96072562358277
32.96072562358277
32.96072562358277
32.96072562358277
32.96072562358277
32.96072562358277
