0.046439909297052155
0.5108390022675737
1.0100680272108844
1.6021768707482993
2.1130158730158732
2.681904761904762
3.239183673469388
4.237641723356009
4.794920634920635
5.340589569160998
5.863038548752835
6.489977324263038
7.012426303854875
7.63936507936508
8.626213151927438
9.125442176870749
9.7059410430839
10.27482993197279
10.832108843537416
11.447437641723356
11.92344671201814
12.852244897959183
12.956734693877552
13.363083900226759
13.94358276643991
14.431201814058957
15.01170068027211
15.522539682539684
16.091428571428573
17.68199546485261
18.250884353741498
18.796553287981858
19.388662131519276
19.934331065759636
20.526439909297054
21.095328798185943
21.977687074829934
22.534965986394557
23.034195011337868
23.61469387755102
24.125532879818593
24.71764172335601
25.193650793650793
25.623219954648526
26.842267573696144
