0.5108390022675737
0.6617687074829932
0.9984580498866213
1.3119274376417234
1.5325170068027212
3.4597732426303858
3.784852607709751
4.051882086167801
4.4117913832199545
5.874648526077098
6.443537414965986
6.791836734693877
7.116916099773243
7.767074829931973
8.544943310657597
8.881632653061224
9.253151927437642
9.58984126984127
10.08907029478458
11.760907029478458
12.399455782312925
12.736145124716554
13.049614512471656
14.454421768707483
14.756281179138321
15.081360544217688
15.418049886621315
15.824399092970522
17.182766439909297
17.821315192743764
18.204444444444444
18.517913832199547
19.191292517006804
19.887891156462587
20.166530612244898
20.572879818594103
20.909569160997734
21.385578231292516
