1.509297052154195
1.7763265306122449
2.089795918367347
2.414875283446712
2.7863945578231295
3.076643990929705
3.3901133786848074
3.7035827664399092
4.040272108843538
4.330521541950113
4.632380952380952
4.9458503401360545
5.305759637188209
6.6873469387755105
6.965986394557823
7.627755102040816
7.964444444444444
8.103764172335602
8.25469387755102
8.591383219954649
8.928072562358278
9.218321995464853
9.531791383219955
9.868480725623582
10.147120181405896
10.50702947845805
11.15718820861678
11.818956916099774
12.132426303854876
12.399455782312925
13.072834467120181
13.386303854875283
13.711383219954648
14.303492063492063
14.616961451247166
14.953650793650795
15.255510204081633
15.62702947845805
16.904126984126986
17.205986394557822
17.356916099773244
17.519455782312924
18.169614512471657
18.471473922902494
18.808163265306124
19.51637188208617
19.82984126984127
20.154920634920636
20.48
20.82829931972789
