0.1741496598639456
0.7894784580498866
1.2770975056689342
1.8924263038548754
2.449705215419501
3.030204081632653
3.7384126984126986
5.131609977324263
5.712108843537415
6.199727891156463
6.8034467120181406
7.4071655328798185
7.929614512471655
8.544943310657597
9.914920634920636
10.437369614512471
11.064308390022676
11.586757369614512
12.144036281179138
12.759365079365079
13.270204081632654
14.535691609977324
15.104580498866213
15.743129251700681
16.27718820861678
16.904126984126986
17.438185941043084
18.053514739229026
19.353832199546485
19.957551020408165
20.503219954648525
21.095328798185943
21.606167800453516
22.105396825396827
22.77877551020408
23.95138321995465
24.578321995464854
25.10077097505669
25.704489795918366
26.261768707482993
26.93514739229025
27.445986394557824
