0.058049886621315196
0.4876190476190476
0.9404081632653062
1.509297052154195
1.9853061224489796
2.4729251700680273
3.030204081632653
3.9706122448979593
4.493061224489796
4.957460317460318
5.468299319727891
6.013968253968254
6.466757369614513
6.989206349206349
7.918004535147393
8.40562358276644
8.974512471655329
9.415691609977324
9.93814058956916
10.495419501133787
10.890158730158731
11.95827664399093
12.434285714285714
12.968344671201814
13.386303854875283
13.966802721088436
14.384761904761906
14.895600907029479
15.81278911564626
16.34684807256236
16.776417233560093
17.322086167800453
17.77487528344671
18.204444444444444
18.773333333333333
19.644081632653062
20.143310657596373
20.59609977324263
21.118548752834467
21.594557823129254
22.105396825396827
22.593015873015872
24.439002267573695
