1.0332879818594105
1.6486167800453515
2.043356009070295
2.36843537414966
3.564263038548753
3.8545124716553287
4.237641723356009
4.493061224489796
4.911020408163266
6.896326530612245
7.476825396825397
7.813514739229025
8.208253968253969
8.951292517006802
9.659501133786849
9.93814058956916
10.263219954648527
10.576689342403629
10.971428571428572
11.714467120181407
12.34140589569161
12.701315192743765
13.02639455782313
14.280272108843537
14.59374149659864
14.883990929705215
15.220680272108844
15.62702947845805
16.938956916099773
17.554285714285715
17.91419501133787
18.26249433106576
18.959092970521542
19.620861678004534
19.887891156462587
20.24780045351474
20.572879818594103
20.94439909297052
