0.16253968253968254
0.47600907029478456
0.7546485260770975
1.0913378684807256
1.486077097505669
1.811156462585034
2.1130158730158732
2.4613151927437644
2.809614512471655
3.1811337868480725
3.4713832199546486
3.8545124716553287
4.237641723356009
5.688888888888889
6.060408163265306
6.3506575963718825
6.780226757369615
7.209795918367347
7.558095238095238
7.813514739229025
8.231473922902495
8.67265306122449
9.05578231292517
9.427301587301587
9.798820861678005
10.181950113378685
11.702857142857143
12.039546485260772
12.353015873015874
12.678095238095239
13.130884353741497
13.479183673469388
14.117732426303855
14.454421768707483
14.814331065759637
15.162630385487528
15.603809523809524
15.905668934240364
17.29886621315193
17.635555555555555
17.972244897959182
18.308934240362813
18.715283446712018
19.098412698412698
19.44671201814059
20.224580498866214
20.387120181405898
20.572879818594103
20.990839002267574
21.304308390022676
