0.8359183673469388
1.6021768707482993
2.287165532879819
3.030204081632653
3.517823129251701
3.7732426303854876
4.516281179138322
5.352199546485261
7.314285714285714
8.045714285714286
8.753922902494331
9.450521541950113
10.286439909297052
10.936598639455783
11.69124716553288
13.966802721088436
14.640181405895692
15.383219954648526
16.07981859410431
16.70675736961451
17.57750566893424
18.285714285714285
20.236190476190476
20.886349206349205
21.652607709750566
22.38403628117914
23.138684807256237
24.56671201814059
24.86857142857143
26.16888888888889
26.865487528344673
27.48081632653061
28.316734693877553
29.048163265306123
29.756371882086167
30.592290249433105
32.05514739229025
32.76335600907029
33.40190476190476
34.13333333333333
34.864761904761906
35.64263038548753
