0.011609977324263039
0.25541950113378686
0.5572789115646258
0.8823582766439909
1.2190476190476192
1.5905668934240362
1.8808163265306124
2.1710657596371883
2.5425850340136056
2.8328344671201813
3.0998639455782313
3.4365532879818597
3.7384126984126986
3.924172335600907
4.1099319727891155
5.073560090702948
5.363809523809524
5.6540589569161
5.92108843537415
6.222947845804989
6.524807256235828
6.826666666666667
7.116916099773243
7.3723356009070296
7.685804988662132
7.9412244897959186
8.301133786848073
8.568163265306122
9.671111111111111
9.949750566893425
10.216780045351474
10.530249433106576
10.832108843537416
11.110748299319727
11.400997732426305
11.92344671201814
12.213696145124716
12.469115646258503
12.759365079365079
13.003174603174603
13.270204081632654
13.572063492063492
14.117732426303855
14.373151927437641
14.675011337868481
14.988480725623583
15.267120181405897
15.522539682539684
15.81278911564626
16.068208616780044
16.335238095238097
16.62548752834467
16.89251700680272
17.240816326530613
17.473015873015875
