0.046439909297052155
0.29024943310657597
0.7430385487528345
1.3235374149659864
1.811156462585034
2.2291156462585033
2.7863945578231295
3.6919727891156464
4.121541950113379
4.5859410430839
5.061950113378685
5.607619047619048
6.025578231292517
6.582857142857143
7.511655328798186
8.045714285714286
8.626213151927438
9.079002267573696
9.601451247165533
10.181950113378685
10.646349206349207
11.528707482993198
12.039546485260772
12.585215419501134
13.10766439909297
13.664943310657597
14.164172335600908
14.721451247165533
15.789569160997733
16.393287981859412
16.834467120181408
17.46140589569161
17.96063492063492
18.48308390022676
19.005532879818595
19.969160997732427
20.48
20.956009070294787
21.524897959183672
22.01251700680272
22.558185941043085
23.010975056689343
