0.18575963718820862
0.6501587301587302
1.207437641723356
1.7182766439909298
2.310385487528345
2.8444444444444446
3.81968253968254
4.31891156462585
4.806530612244898
5.282539682539682
5.863038548752835
6.327437641723356
6.8382766439909295
8.045714285714286
8.533333333333333
9.148662131519275
9.613061224489796
10.12390022675737
10.65795918367347
11.075918367346938
12.07437641723356
12.561995464852608
13.119274376417234
13.548843537414966
14.152562358276644
14.628571428571428
15.151020408163266
16.46294784580499
16.99700680272109
17.507845804988662
18.06512471655329
18.552743764172337
19.075192743764173
19.644081632653062
20.63092970521542
21.13015873015873
21.606167800453516
22.151836734693877
22.674285714285716
23.173514739229024
23.626303854875285
