1.5789569160997732
1.9853061224489796
2.380045351473923
2.8676643990929707
3.4249433106575964
4.098321995464853
4.597551020408163
5.201269841269841
5.863038548752835
6.431927437641724
7.093696145124717
7.7090249433106575
8.382403628117913
12.318185941043085
12.852244897959183
13.432743764172336
14.02485260770975
14.756281179138321
15.371609977324264
16.010158730158732
16.590657596371884
17.264036281179138
18.18122448979592
18.784943310657596
19.365442176870747
19.969160997732427
22.140226757369614
22.73233560090703
23.336054421768708
23.95138321995465
24.60154195011338
25.20526077097506
25.820589569160997
26.958367346938775
27.562086167800455
28.142585034013607
28.781133786848073
29.52417233560091
32.182857142857145
32.774965986394555
33.378684807256235
33.97079365079365
34.644172335600906
35.88643990929705
37.50022675736962
38.39419501133787
38.98630385487528
39.833832199546485
40.774240362811796
41.23863945578231
