0.046439909297052155
0.3482993197278912
0.9752380952380952
1.6486167800453515
2.2987755102040817
2.972154195011338
3.599092970521542
4.73687074829932
5.352199546485261
6.002358276643991
6.629297052154195
7.314285714285714
7.9412244897959186
8.602993197278911
9.787210884353742
10.448979591836736
11.133968253968254
11.760907029478458
12.434285714285714
13.10766439909297
13.699773242630386
15.034920634920635
15.696689342403628
16.4281179138322
17.07827664399093
17.79809523809524
18.425034013605444
19.11002267573696
20.44517006802721
21.141768707482992
21.826757369614512
22.523356009070294
23.23156462585034
23.91655328798186
24.926621315192744
25.808979591836735
26.482358276643993
27.09768707482993
27.80589569160998
28.409614512471656
29.059773242630385
29.628662131519274
