0.12770975056689343
0.4876190476190476
0.8010884353741496
1.1261678004535147
1.6718367346938776
2.391655328798186
2.8212244897959184
3.0650340136054424
3.4481632653061225
3.9938321995464854
4.597551020408163
4.911020408163266
5.189659863945578
5.468299319727891
5.7817687074829935
6.3506575963718825
6.629297052154195
6.942766439909297
7.476825396825397
7.75546485260771
8.150204081632653
8.661043083900227
9.253151927437642
9.787210884353742
10.077460317460318
10.147120181405896
10.216780045351474
10.92498866213152
11.15718820861678
11.517097505668934
12.07437641723356
12.654875283446712
13.212154195011339
13.781043083900228
14.013242630385488
14.721451247165533
