2.2755555555555556
2.693514739229025
3.2275736961451247
4.876190476190477
5.2477097505668935
6.8382766439909295
7.291065759637188
7.8251247165532885
8.25469387755102
8.684263038548753
10.983038548752834
11.517097505668934
11.900226757369614
12.399455782312925
12.805804988662132
14.361541950113379
14.767891156462586
15.255510204081633
15.731519274376417
16.72997732426304
18.44825396825397
18.84299319727891
19.377052154195013
19.82984126984127
20.29424036281179
21.989297052154196
22.372426303854876
22.825215419501134
23.18512471655329
23.591473922902495
25.228480725623584
26.36625850340136
27.527256235827664
29.31519274376417
29.744761904761905
30.162721088435376
30.56907029478458
31.776507936507937
32.24090702947846
32.8562358276644
33.41351473922902
34.04045351473923
