0.046439909297052155
0.7778684807256236
1.5905668934240362
2.5309750566893423
3.4017233560090703
4.20281179138322
5.085170068027211
6.733786848072563
7.813514739229025
8.335963718820862
9.137052154195011
10.135510204081633
10.878548752834467
11.714467120181407
13.386303854875283
14.117732426303855
15.01170068027211
15.801179138321995
16.671927437641724
17.507845804988662
18.250884353741498
19.957551020408165
20.723809523809525
21.51328798185941
22.244716553287983
23.173514739229024
23.91655328798186
24.71764172335601
26.31981859410431
27.16734693877551
27.96843537414966
28.85079365079365
29.651882086167802
30.48780045351474
31.381768707482994
33.01877551020408
33.8314739229025
34.5512925170068
35.5265306122449
36.339229024943315
37.151927437641724
37.99945578231293
