0.11609977324263039
0.3947392290249433
0.7778684807256236
1.0797278911564625
1.486077097505669
1.8459863945578232
2.2291156462585033
2.6238548752834467
3.030204081632653
3.4365532879818597
3.8312925170068026
4.748480725623583
6.397097505668935
6.989206349206349
7.90639455782313
8.858412698412698
9.253151927437642
10.135510204081633
10.948208616780045
11.34294784580499
13.548843537414966
14.001632653061225
14.419591836734694
14.802721088435375
15.313560090702948
17.11310657596372
17.902585034013605
18.308934240362813
18.773333333333333
20.526439909297054
20.909569160997734
21.31591836734694
22.186666666666667
22.60462585034014
23.939773242630388
24.392562358276646
