0.10448979591836735
0.46439909297052157
0.7894784580498866
1.4396371882086167
2.10140589569161
2.4613151927437644
2.8560544217687074
3.215963718820862
3.6107029478458053
4.887800453514739
5.561179138321996
5.874648526077098
6.257777777777778
6.896326530612245
7.558095238095238
7.859954648526077
8.185034013605442
8.510113378684807
8.846802721088435
10.054240362811791
10.576689342403629
10.971428571428572
11.250068027210885
12.34140589569161
12.666485260770976
12.968344671201814
13.270204081632654
14.152562358276644
14.721451247165533
15.220680272108844
15.615419501133788
15.917278911564626
16.195918367346938
16.54421768707483
17.46140589569161
17.740045351473924
18.053514739229026
18.401814058956916
