0.011609977324263039
0.058049886621315196
0.37151927437641724
0.8010884353741496
1.242267573696145
2.972154195011338
3.4481632653061225
3.877732426303855
4.307301587301588
4.818140589569161
6.698956916099774
7.209795918367347
7.627755102040816
8.068934240362813
8.52172335600907
10.24
10.681179138321996
11.180408163265307
11.563537414965987
12.051156462585034
13.873922902494332
14.315102040816328
14.756281179138321
15.185850340136055
15.62702947845805
17.101496598639457
17.542675736961453
17.98385487528345
18.390204081632653
18.86621315192744
20.44517006802721
20.921179138321996
21.3275283446712
21.745487528344672
22.221496598639455
22.6162358276644
23.08063492063492
23.962993197278912
24.357732426303855
25.007891156462584
25.26331065759637
25.66965986394558
