0.10448979591836735
0.4179591836734694
0.7894784580498866
1.3003174603174603
2.10140589569161
2.5541950113378684
2.8444444444444446
3.2275736961451247
3.900952380952381
4.040272108843538
4.551111111111111
4.841360544217687
5.166439909297052
5.50312925170068
5.874648526077098
6.478367346938776
6.791836734693877
7.1401360544217685
7.430385487528345
7.732244897959184
8.057324263038549
8.417233560090704
9.09061224489796
9.287981859410431
9.729160997732427
10.379319727891156
10.681179138321996
11.029478458049887
11.656417233560092
11.935056689342403
12.318185941043085
12.817414965986394
13.455963718820861
14.582131519274377
14.86077097505669
15.162630385487528
15.534149659863946
15.81278911564626
