0.18575963718820862
0.6617687074829932
1.172607709750567
1.6370068027210884
2.1710657596371883
2.937324263038549
4.121541950113379
4.562721088435374
5.00390022675737
5.468299319727891
7.093696145124717
7.569705215419502
7.9412244897959186
8.544943310657597
8.997732426303855
10.263219954648527
10.62312925170068
11.110748299319727
11.505487528344672
11.92344671201814
13.537233560090703
13.827482993197279
14.384761904761906
14.675011337868481
15.151020408163266
16.590657596371884
16.99700680272109
17.38013605442177
17.79809523809524
18.18122448979592
19.725351473922903
20.20136054421769
20.572879818594103
21.002448979591836
21.408798185941045
21.803537414965987
22.186666666666667
22.976145124716552
23.38249433106576
23.83528344671202
24.206802721088437
24.63637188208617
