0.25541950113378686
0.6153287981859411
0.905578231292517
1.253877551020408
1.6834467120181407
1.9620861678004535
2.2639455782312927
2.5658049886621317
2.948934240362812
3.320453514739229
3.6107029478458053
3.9938321995464854
4.481451247165533
4.725260770975057
5.61922902494331
6.002358276643991
6.130068027210885
6.42031746031746
6.768616780045352
7.2562358276643995
7.500045351473923
7.871564625850341
8.25469387755102
8.661043083900227
9.032562358276644
9.427301587301587
9.775600907029478
10.147120181405896
11.459047619047618
11.818956916099774
12.236916099773243
12.550385487528345
13.014784580498867
13.386303854875283
13.827482993197279
14.466031746031746
14.837551020408164
15.209070294784581
15.534149659863946
15.940498866213153
17.356916099773244
17.68199546485261
18.07673469387755
18.36698412698413
18.808163265306124
19.17968253968254
19.481541950113378
20.143310657596373
20.538049886621316
20.86312925170068
21.2346485260771
21.594557823129254
