6.5364172335600905
6.5364172335600905
6.5364172335600905
6.5364172335600905
6.5364172335600905
6.5364172335600905
6.548027210884354
7.1401360544217685
7.627755102040816
8.219863945578231
9.079002267573696
9.357641723356009
9.972970521541951
11.319727891156463
11.865396825396825
13.003174603174603
13.56045351473923
14.373151927437641
14.698231292517008
15.952108843537415
16.520997732426306
17.136326530612244
17.69360544217687
18.320544217687075
18.84299319727891
19.469931972789116
20.758639455782312
21.385578231292516
21.91963718820862
22.511746031746032
23.010975056689343
23.510204081632654
24.171972789115646
25.36780045351474
25.98312925170068
26.51718820861678
27.12090702947846
27.66657596371882
28.339954648526078
28.874013605442176
