0.301859410430839
2.4961451247165534
3.4597732426303858
3.889342403628118
4.46984126984127
6.559637188208617
7.511655328798186
8.010884353741497
8.510113378684807
9.392471655328798
9.93814058956916
10.425759637188209
11.459047619047618
11.969886621315194
12.353015873015874
14.628571428571428
16.671927437641724
18.622403628117915
19.574421768707484
20.003990929705214
20.54965986394558
22.84843537414966
23.75401360544218
24.2184126984127
24.810521541950113
25.692879818594104
26.203718820861678
26.656507936507936
27.70140589569161
28.200634920634922
28.641814058956918
29.80281179138322
30.29043083900227
30.824489795918367
31.35854875283447
31.846167800453514
33.0768253968254
35.07374149659864
36.118639455782315
37.209977324263036
39.32299319727891
40.379501133786846
41.319909297052156
42.53895691609977
43.02657596371882
43.52580498866213
44.44299319727891
45.58077097505669
47.600907029478456
48.56453514739229
49.04054421768708
49.562993197278914
51.66439909297052
52.7092970521542
53.127256235827666
53.68453514739229
55.867210884353746
56.830839002267574
57.26040816326531
57.817687074829934
58.88580498866213
59.408253968253966
59.90748299319728
61.05687074829932
61.52126984126984
61.96244897959184
63.08861678004535
63.622675736961455
64.14512471655328
64.65596371882086
65.1784126984127
65.73569160997732
