0.2786394557823129
0.603718820861678
0.9520181405895691
1.0913378684807256
1.242267573696145
1.5905668934240362
1.9040362811791383
2.4613151927437644
2.7747845804988662
3.0998639455782313
3.4249433106575964
3.7616326530612247
4.887800453514739
5.154829931972789
5.491519274376417
5.758548752834467
6.095238095238096
6.3854875283446715
6.757006802721088
7.337505668934241
7.662585034013605
7.9412244897959186
8.208253968253969
8.55655328798186
9.58984126984127
9.880090702947847
10.158730158730158
10.460589569160998
10.727619047619047
11.00625850340136
11.331337868480725
11.935056689342403
12.202086167800454
12.480725623582767
12.782585034013605
13.10766439909297
14.09451247165533
14.40798185941043
14.70984126984127
14.988480725623583
15.24390022675737
15.522539682539684
15.824399092970522
16.381678004535146
16.9621768707483
17.554285714285715
