0.46439909297052157
0.7430385487528345
0.9984580498866213
1.207437641723356
1.6486167800453515
1.9853061224489796
2.2755555555555556
2.5658049886621317
2.9024943310657596
3.239183673469388
3.5526530612244898
3.889342403628118
4.214421768707483
5.5495691609977325
5.8165986394557825
6.0836281179138325
6.431927437641724
6.768616780045352
7.047256235827665
7.3723356009070296
7.662585034013605
7.999274376417234
8.289523809523809
8.649433106575964
8.962902494331066
9.311201814058958
9.647891156462585
10.62312925170068
10.92498866213152
11.215238095238096
11.470657596371883
11.8421768707483
12.1556462585034
12.49233560090703
13.188934240362812
13.479183673469388
13.804263038548752
14.117732426303855
14.47764172335601
15.77795918367347
16.068208616780044
16.370068027210884
16.637097505668933
16.99700680272109
17.29886621315193
17.623945578231293
18.285714285714285
18.599183673469387
18.819773242630387
