0.7314285714285714
1.242267573696145
1.6486167800453515
1.9272562358276644
3.0882539682539685
3.3436734693877552
3.7035827664399092
3.9590022675736964
4.342131519274377
5.526349206349207
6.0836281179138325
6.408707482993197
6.710566893424036
7.325895691609977
7.801904761904762
8.115374149659864
8.428843537414966
8.719092970521542
9.09061224489796
10.344489795918367
10.901768707482994
11.261678004535147
11.54031746031746
12.72453514739229
12.99156462585034
13.246984126984128
13.548843537414966
13.966802721088436
15.139410430839003
15.62702947845805
15.986938775510204
16.300408163265306
16.938956916099773
17.484625850340137
17.658775510204084
18.041904761904764
18.37859410430839
18.738503401360546
