0.11609977324263039
0.4179591836734694
0.7082086167800453
1.0681179138321997
1.3583673469387756
1.7066666666666668
1.9969160997732427
2.6586848072562357
2.937324263038549
3.274013605442177
3.575873015873016
3.900952380952381
5.108390022675737
5.375419501133787
5.712108843537415
6.025578231292517
6.3506575963718825
6.6525170068027215
7.082086167800454
7.209795918367347
7.581315192743764
7.894784580498866
8.452063492063493
8.811972789115647
9.961360544217687
10.332879818594105
10.553469387755102
10.866938775510205
11.133968253968254
11.38938775510204
11.714467120181407
11.8421768707483
12.399455782312925
12.596825396825396
13.235374149659863
13.479183673469388
14.570521541950114
14.86077097505669
15.151020408163266
15.487709750566895
15.731519274376417
16.010158730158732
16.4281179138322
16.973786848072564
17.449795918367347
18.018684807256236
