0.046439909297052155
0.6849886621315193
1.2190476190476192
1.8808163265306124
2.414875283446712
3.01859410430839
3.657142857142857
4.783310657596372
5.317369614512471
6.048798185941044
6.617687074829932
7.279455782312925
7.8251247165532885
8.475283446712018
9.58984126984127
10.08907029478458
10.65795918367347
11.273287981859411
11.865396825396825
12.527165532879819
13.049614512471656
14.071292517006803
14.686621315192744
15.336780045351475
15.870839002267575
16.451337868480724
16.99700680272109
17.60072562358277
18.599183673469387
19.260952380952382
19.783401360544218
20.433560090702947
21.025668934240365
21.640997732426303
22.267936507936508
23.312834467120183
23.91655328798186
24.45061224489796
25.089160997732428
25.623219954648526
26.23854875283447
26.726167800453517
