1.1145578231292517
1.1145578231292517
1.1145578231292517
1.6486167800453515
2.0549659863945577
2.5658049886621317
2.995374149659864
3.4829931972789114
3.9590022675736964
4.957460317460318
5.5147392290249435
5.955918367346939
6.3854875283446715
6.977596371882086
7.453605442176871
7.964444444444444
9.299591836734693
9.775600907029478
10.344489795918367
11.168798185941043
11.621587301587303
12.178866213151927
12.631655328798185
13.64172335600907
14.117732426303855
14.373151927437641
14.686621315192744
15.12780045351474
15.696689342403628
16.172698412698413
16.6487074829932
17.623945578231293
18.123174603174604
18.5643537414966
19.086802721088436
19.539591836734694
19.98077097505669
20.44517006802721
21.36235827664399
21.826757369614512
22.221496598639455
22.73233560090703
23.138684807256237
23.626303854875285
23.974603174603175
